#time0row7[msb-lsb],time0row6[msb-lst],....,time0row0[msb-lst]#
#time1row7[msb-lsb],time1row6[msb-lst],....,time1row0[msb-lst]#
#................#
00100000000100100010010000000111
01010000001000100001001100000100
01110000001100100100010000001011
00000000000000000000000000000000
00000000000000000000000000000000
01100000001000010000001000000000
00000000000000100000001000001010
00000000010100100000010000000011
00010000011100100100010100000110
00110000001100100011010100000110
01100000001000100010010100000111
00110000001000100010010100001001
01000000001000100010010100000110
01010000001000100010010100000110
01010000000100100010010100001001
10010000000000100100010100001111
00000000001000010001011100001111
01000000011000010000011000000000
01110000000000010000010000000000
00100000000000100000001000000000
01000000001000100000001100000000
00000000000100100000001000000000
01010000000100100010000100000100
00000000010000100110000100001111
00000000000100010110000100011111
00100000000000000010000000011011
01100000001000000000000000000101
10000000010000010001000100010001
10110000010100010001000000000000
01110000000000010001000000010101
01000000000000010000000000010011
10110000000000100000000000000001
01000000001000100001001000001000
00000000010100100100010000001101
00000000001000100011010000001010
01110000001000100001001100000100
01110000001100100100010000001011
00000000000000000000000000000000
00000000000000000000000000000000
10000000000000010000000100000000
00000000000000010000000100000011
11110000000100100000001100000000
00000000011000100101011000001101
00000000001100100100011000001111
00100000001000100010010100001000
01000000001100100010010100001000
00110000001100100010010100000111
01000000001000100010010100000111
00100000000100100001010000001000
00100000000000100001010000001011
00000000001100010001010100000111
00110000010100010010010100000000
00000000000000010001001000000010
01000000000000010000000000000000
10000000001000100001000000000001
00000000000000100010000000001010
10000000000000100010000000011001
01100000010100010101000100001111
00000000010100010111001000001111
01000000000000000010000100101010
10100000000000000000000000010001
10100000010000010000001000000000
01100000001100010010001000000101
00110000000100010001000100010101
